Random seed for food generation: 16773453
------------------
 0  0  0  0  0  0
 0  0  3  2  1  0
 0  0  0  0  0  0
 0  0  0  0  0  0
 0  0  0  0 -1  0
 0  0  0  0  0  0
------------------ Length:  3
 0  0  0  0  0  0
 0  0  0  3  2  0
 0  0  0  0  1  0
 0  0  0  0  0  0
 0  0  0  0 -1  0
 0  0  0  0  0  0
------------------ Length:  3
 0  0  0  0  0  0
 0  0  0  0  3  0
 0  0  0  0  2  0
 0  0  0  0  1  0
 0  0  0  0 -1  0
 0  0  0  0  0  0
------------------ Length:  3
 0  0  0  0  0  0
 0  0  0  0  4  0
 0  0 -1  0  3  0
 0  0  0  0  2  0
 0  0  0  0  1  0
 0  0  0  0  0  0
------------------ Length:  4
 0  0  0  0  0  0
 0  0  0  0  0  0
 0  0 -1  0  4  0
 0  0  0  0  3  0
 0  0  0  1  2  0
 0  0  0  0  0  0
------------------ Length:  4
 0  0  0  0  0  0
 0  0  0  0  0  0
 0  0 -1  0  0  0
 0  0  0  0  4  0
 0  0  1  2  3  0
 0  0  0  0  0  0
------------------ Length:  4
 0  0  0  0  0  0
 0  0  0  0  0  0
 0  0 -1  0  0  0
 0  0  1  0  0  0
 0  0  2  3  4  0
 0  0  0  0  0  0
------------------ Length:  4
 0  0  0  0  0  0
 0  0  0  0  0  0
 0  0  1  0  0  0
 0  0  2  0  0  0
 0  0  3  4  5  0
 0  0  0 -1  0  0
------------------ Length:  5
 0  0  0  0  0  0
 0  0  0  0  0  0
 0  1  2  0  0  0
 0  0  3  0  0  0
 0  0  4  5  0  0
 0  0  0 -1  0  0
------------------ Length:  5
 0  0  0  0  0  0
 0  0  0  0  0  0
 0  2  3  0  0  0
 0  1  4  0  0  0
 0  0  5  0  0  0
 0  0  0 -1  0  0
------------------ Length:  5
 0  0  0  0  0  0
 0  0  0  0  0  0
 0  3  4  0  0  0
 0  2  5  0  0  0
 0  1  0  0  0  0
 0  0  0 -1  0  0
------------------ Length:  5
 0  0  0  0  0  0
 0  0  0  0  0  0
 0  4  5  0  0  0
 0  3  0  0  0  0
 0  2  1  0  0  0
 0  0  0 -1  0  0
------------------ Length:  5
 0  0  0  0  0  0
 0  0  0  0  0  0
 0  5  0  0  0  0
 0  4  0  0  0  0
 0  3  2  0  0  0
 0  0  1 -1  0  0
------------------ Length:  5
 0  0  0  0  0  0
 0  0  0  0  0  0
 0  6  0  0  0  0
 0  5  0 -1  0  0
 0  4  3  0  0  0
 0  0  2  1  0  0
------------------ Length:  6
 0  0  0  0  0  0
 0  0  0  0  0  0
 0  0  0  0  0  0
 0  6  0 -1  0  0
 0  5  4  1  0  0
 0  0  3  2  0  0
------------------ Length:  6
 0  0  0  0  0  0
 0  0  0  0  0  0
 0  0  0  0  0  0
 0  7  0  1  0  0
 0  6  5  2  0  0
 0  0  4  3 -1  0
------------------ Length:  7
 0  0  0  0  0  0
 0  0  0  0  0  0
 0  0  0  0  0  0
 0  0  0  2  1  0
 0  7  6  3  0  0
 0  0  5  4 -1  0
------------------ Length:  7
 0  0  0  0  0  0
 0  0  0  0  0  0
 0  0  0  0  0  0
 0  0  0  3  2  0
 0  0  7  4  1  0
 0  0  6  5 -1  0
------------------ Length:  7
 0  0  0  0 -1  0
 0  0  0  0  0  0
 0  0  0  0  0  0
 0  0  0  4  3  0
 0  0  8  5  2  0
 0  0  7  6  1  0
------------------ Length:  8
 0  0  0  0 -1  0
 0  0  0  0  0  0
 0  0  0  0  0  0
 0  0  0  5  4  0
 0  0  0  6  3  0
 0  0  8  7  2  1
------------------ Length:  8
 0  0  0  0 -1  0
 0  0  0  0  0  0
 0  0  0  0  0  0
 0  0  0  6  5  0
 0  0  0  7  4  1
 0  0  0  8  3  2
------------------ Length:  8
 0  0  0  0 -1  0
 0  0  0  0  0  0
 0  0  0  0  0  0
 0  0  0  7  6  1
 0  0  0  8  5  2
 0  0  0  0  4  3
------------------ Length:  8
 0  0  0  0 -1  0
 0  0  0  0  0  0
 0  0  0  0  0  1
 0  0  0  8  7  2
 0  0  0  0  6  3
 0  0  0  0  5  4
------------------ Length:  8
 0  0  0  0 -1  0
 0  0  0  0  0  1
 0  0  0  0  0  2
 0  0  0  0  8  3
 0  0  0  0  7  4
 0  0  0  0  6  5
------------------ Length:  8
 0  0  0  0 -1  1
 0  0  0  0  0  2
 0  0  0  0  0  3
 0  0  0  0  0  4
 0  0  0  0  8  5
 0  0  0  0  7  6
------------------ Length:  8
 0  0  0  0  1  2
 0  0  0  0 -1  3
 0  0  0  0  0  4
 0  0  0  0  0  5
 0  0  0  0  9  6
 0  0  0  0  8  7
------------------ Length:  9
 0  0  0  0  2  3
 0  0  0  0  1  4
 0  0  0  0  0  5
 0  0  0  0  0  6
 0  0  0  0 10  7
 0  0  0 -1  9  8
------------------ Length: 10
 0  0  0  0  3  4
 0  0  0  0  2  5
 0  0  0  0  1  6
 0  0  0  0  0  7
 0  0  0  0  0  8
 0  0  0 -1 10  9
------------------ Length: 10
 0  0  0  0  4  5
 0  0  0  0  3  6
 0  0  0  0  2  7
 0  0  0  0  1  8
 0  0  0  0  0  9
 0  0  0 -1  0 10
------------------ Length: 10
 0  0  0  0  5  6
 0  0  0  0  4  7
 0  0  0  0  3  8
 0  0  0  0  2  9
 0  0  0  0  1 10
 0  0  0 -1  0  0
------------------ Length: 10
 0  0  0  0  6  7
 0  0  0  0  5  8
 0  0  0  0  4  9
 0  0  0  0  3 10
 0  0  0  0  2  0
 0  0  0 -1  1  0
------------------ Length: 10
 0  0  0  0  7  8
 0  0  0  0  6  9
 0  0  0  0  5 10
 0  0  0  0  4  0
 0  0  0  0  3  0
 0  0  0 -1  2  1
------------------ Length: 10
 0  0  0  0  8  9
 0  0  0  0  7 10
 0  0  0  0  6  0
 0  0  0  0  5  0
 0  0  0  0  4  1
 0  0  0 -1  3  2
------------------ Length: 10
 0  0  0  0  9 10
 0  0  0  0  8  0
 0  0  0  0  7  0
 0  0  0  0  6  1
 0  0  0  0  5  2
 0  0  0 -1  4  3
------------------ Length: 10
 0  0  0  0 10  0
 0  0  0  0  9  0
 0  0  0  0  8  1
 0  0  0  0  7  2
 0  0  0  0  6  3
 0  0  0 -1  5  4
------------------ Length: 10
 0  0  0  0  0  0
 0  0  0  0 10  1
 0  0  0  0  9  2
 0  0  0  0  8  3
 0  0  0  0  7  4
 0  0  0 -1  6  5
------------------ Length: 10
 0  0  0  0  0  0
 0  0  0  0  1  2
 0  0  0  0 10  3
 0  0  0  0  9  4
 0  0  0  0  8  5
 0  0  0 -1  7  6
------------------ Length: 10
 0  0  0  0  0  0
 0  0  0  0  2  3
 0  0  0  0  1  4
 0  0  0  0 10  5
 0  0  0  0  9  6
 0  0  0 -1  8  7
------------------ Length: 10
 0  0  0  0  0  0
 0  0  0  0  3  4
 0  0  0  0  2  5
 0  0  0  0  1  6
 0  0  0  0 10  7
 0  0  0 -1  9  8
------------------ Length: 10
 0  0  0  0  0  0
 0  0  0  0  4  5
 0  0  0  0  3  6
 0  0  0  0  2  7
 0  0  0  0  1  8
 0  0  0 -1 10  9
------------------ Length: 10
 0  0  0  0  0  0
 0  0  0  0  5  6
 0  0  0  0  4  7
 0  0  0  0  3  8
 0  0  0  1  2  9
 0  0  0 -1  0 10
------------------ Length: 10
 0  0 -1  0  0  0
 0  0  0  0  6  7
 0  0  0  0  5  8
 0  0  0  0  4  9
 0  0  0  2  3 10
 0  0  0  1  0 11
------------------ Length: 11
 0  0 -1  0  0  0
 0  0  0  0  7  8
 0  0  0  0  6  9
 0  0  0  0  5 10
 0  0  0  3  4 11
 0  0  1  2  0  0
------------------ Length: 11
 0  0 -1  0  0  0
 0  0  0  0  8  9
 0  0  0  0  7 10
 0  0  0  0  6 11
 0  0  1  4  5  0
 0  0  2  3  0  0
------------------ Length: 11
 0  0 -1  0  0  0
 0  0  0  0  9 10
 0  0  0  0  8 11
 0  0  1  0  7  0
 0  0  2  5  6  0
 0  0  3  4  0  0
------------------ Length: 11
 0  0 -1  0  0  0
 0  0  0  0 10 11
 0  0  1  0  9  0
 0  0  2  0  8  0
 0  0  3  6  7  0
 0  0  4  5  0  0
------------------ Length: 11
 0  0 -1  0  0  0
 0  0  1  0 11  0
 0  0  2  0 10  0
 0  0  3  0  9  0
 0  0  4  7  8  0
 0  0  5  6  0  0
------------------ Length: 11
 0  0  1  0  0  0
 0  0  2  0 12  0
 0  0  3  0 11  0
 0  0  4  0 10  0
 0 -1  5  8  9  0
 0  0  6  7  0  0
------------------ Length: 12
 0  0  2  1  0  0
 0  0  3  0  0  0
 0  0  4  0 12  0
 0  0  5  0 11  0
 0 -1  6  9 10  0
 0  0  7  8  0  0
------------------ Length: 12
 0  0  3  2  1  0
 0  0  4  0  0  0
 0  0  5  0  0  0
 0  0  6  0 12  0
 0 -1  7 10 11  0
 0  0  8  9  0  0
------------------ Length: 12
 0  0  4  3  2  1
 0  0  5  0  0  0
 0  0  6  0  0  0
 0  0  7  0  0  0
 0 -1  8 11 12  0
 0  0  9 10  0  0
------------------ Length: 12
 0  0  5  4  3  2
 0  0  6  0  0  1
 0  0  7  0  0  0
 0  0  8  0  0  0
 0 -1  9 12  0  0
 0  0 10 11  0  0
------------------ Length: 12
 0  0  6  5  4  3
 0  0  7  0  0  2
 0  0  8  0  0  1
 0  0  9  0  0  0
 0 -1 10  0  0  0
 0  0 11 12  0  0
------------------ Length: 12
 0  0  7  6  5  4
 0  0  8  0  0  3
 0  0  9  0  1  2
 0  0 10  0  0  0
 0 -1 11  0  0  0
 0  0 12  0  0  0
------------------ Length: 12
 0  0  8  7  6  5
 0  0  9  0  0  4
 0  0 10  0  2  3
 0  0 11  0  1  0
 0 -1 12  0  0  0
 0  0  0  0  0  0
------------------ Length: 12
 0  0  9  8  7  6
 0  0 10  0  0  5
 0  0 11  0  3  4
 0  0 12  1  2  0
 0 -1  0  0  0  0
 0  0  0  0  0  0
------------------ Length: 12
 0  0 10  9  8  7
 0  0 11  0  0  6
 0  0 12  0  4  5
 0  0  1  2  3  0
 0 -1  0  0  0  0
 0  0  0  0  0  0
------------------ Length: 12
 0  0 11 10  9  8
 0  0 12  0  0  7
 0  0  0  0  5  6
 0  1  2  3  4  0
 0 -1  0  0  0  0
 0  0  0  0  0  0
------------------ Length: 12
 0  0 12 11 10  9
 0  0 13  0  0  8
 0  0  0  0  6  7
 0  2  3  4  5  0
 0  1 -1  0  0  0
 0  0  0  0  0  0
------------------ Length: 13
-1  0 13 12 11 10
 0  0 14  0  0  9
 0  0  0  0  7  8
 0  3  4  5  6  0
 0  2  1  0  0  0
 0  0  0  0  0  0
------------------ Length: 14
-1  0 14 13 12 11
 0  0  0  0  0 10
 0  0  0  0  8  9
 0  4  5  6  7  0
 0  3  2  0  0  0
 0  0  1  0  0  0
------------------ Length: 14
-1  0  0 14 13 12
 0  0  0  0  0 11
 0  0  0  0  9 10
 0  5  6  7  8  0
 0  4  3  0  0  0
 0  1  2  0  0  0
------------------ Length: 14
-1  0  0  0 14 13
 0  0  0  0  0 12
 0  0  0  0 10 11
 0  6  7  8  9  0
 0  5  4  0  0  0
 1  2  3  0  0  0
------------------ Length: 14
-1  0  0  0  0 14
 0  0  0  0  0 13
 0  0  0  0 11 12
 0  7  8  9 10  0
 1  6  5  0  0  0
 2  3  4  0  0  0
------------------ Length: 14
-1  0  0  0  0  0
 0  0  0  0  0 14
 0  0  0  0 12 13
 1  8  9 10 11  0
 2  7  6  0  0  0
 3  4  5  0  0  0
------------------ Length: 14
-1  0  0  0  0  0
 0  0  0  0  0  0
 1  0  0  0 13 14
 2  9 10 11 12  0
 3  8  7  0  0  0
 4  5  6  0  0  0
------------------ Length: 14
-1  0  0  0  0  0
 1  0  0  0  0  0
 2  0  0  0 14  0
 3 10 11 12 13  0
 4  9  8  0  0  0
 5  6  7  0  0  0
------------------ Length: 14
 1  0  0  0  0  0
 2  0  0  0  0 -1
 3  0  0  0 15  0
 4 11 12 13 14  0
 5 10  9  0  0  0
 6  7  8  0  0  0
------------------ Length: 15
 2  1  0  0  0  0
 3  0  0  0  0 -1
 4  0  0  0  0  0
 5 12 13 14 15  0
 6 11 10  0  0  0
 7  8  9  0  0  0
------------------ Length: 15
 3  2  1  0  0  0
 4  0  0  0  0 -1
 5  0  0  0  0  0
 6 13 14 15  0  0
 7 12 11  0  0  0
 8  9 10  0  0  0
------------------ Length: 15
 4  3  2  1  0  0
 5  0  0  0  0 -1
 6  0  0  0  0  0
 7 14 15  0  0  0
 8 13 12  0  0  0
 9 10 11  0  0  0
------------------ Length: 15
 5  4  3  2  1  0
 6  0  0  0  0 -1
 7  0  0  0  0  0
 8 15  0  0  0  0
 9 14 13  0  0  0
10 11 12  0  0  0
------------------ Length: 15
 6  5  4  3  2  0
 7  0  0  0  1 -1
 8  0  0  0  0  0
 9  0  0  0  0  0
10 15 14  0  0  0
11 12 13  0  0  0
------------------ Length: 15
 7  6  5  4  3  0
 8  0  0 -1  2  1
 9  0  0  0  0  0
10  0  0  0  0  0
11 16 15  0  0  0
12 13 14  0  0  0
------------------ Length: 16
 8  7  6  5  4  0
 9  0  0 -1  3  2
10  0  0  0  0  1
11  0  0  0  0  0
12  0 16  0  0  0
13 14 15  0  0  0
------------------ Length: 16
 9  8  7  6  5  0
10  0  0 -1  4  3
11  0  0  0  1  2
12  0  0  0  0  0
13  0  0  0  0  0
14 15 16  0  0  0
------------------ Length: 16
10  9  8  7  6  0
11  0  0 -1  5  4
12  0  0  1  2  3
13  0  0  0  0  0
14  0  0  0  0  0
15 16  0  0  0  0
------------------ Length: 16
11 10  9  8  7  0
12  0  0  1  6  5
13  0  0  2  3  4
14  0  0  0  0  0
15 -1  0  0  0  0
16 17  0  0  0  0
------------------ Length: 17
12 11 10  9  8  0
13  0  1  2  7  6
14  0  0  3  4  5
15  0  0  0  0  0
16 -1  0  0  0  0
17  0  0  0  0  0
------------------ Length: 17
13 12 11 10  9  0
14  0  2  3  8  7
15  0  1  4  5  6
16  0  0  0  0  0
17 -1  0  0  0  0
 0  0  0  0  0  0
------------------ Length: 17
14 13 12 11 10  0
15  0  3  4  9  8
16  1  2  5  6  7
17  0  0  0  0  0
 0 -1  0  0  0  0
 0  0  0  0  0  0
------------------ Length: 17
15 14 13 12 11  0
16  0  4  5 10  9
17  2  3  6  7  8
 0  1  0  0  0  0
 0 -1  0  0  0  0
 0  0  0  0  0  0
------------------ Length: 17
16 15 14 13 12  0
17  0  5  6 11 10
18  3  4  7  8  9
 0  2  0  0  0  0
 0  1  0  0 -1  0
 0  0  0  0  0  0
------------------ Length: 18
17 16 15 14 13  0
18  0  6  7 12 11
 0  4  5  8  9 10
 0  3  0  0  0  0
 0  2  1  0 -1  0
 0  0  0  0  0  0
------------------ Length: 18
18 17 16 15 14  0
 0  0  7  8 13 12
 0  5  6  9 10 11
 0  4  0  0  0  0
 0  3  2  1 -1  0
 0  0  0  0  0  0
------------------ Length: 18
19 18 17 16 15  0
 0  0  8  9 14 13
-1  6  7 10 11 12
 0  5  0  0  0  0
 0  4  3  2  1  0
 0  0  0  0  0  0
------------------ Length: 19
 0 19 18 17 16  0
 0  0  9 10 15 14
-1  7  8 11 12 13
 0  6  0  0  0  0
 0  5  4  3  2  0
 0  0  0  0  1  0
------------------ Length: 19
 0  0 19 18 17  0
 0  0 10 11 16 15
-1  8  9 12 13 14
 0  7  0  0  0  0
 0  6  5  4  3  0
 0  0  0  1  2  0
------------------ Length: 19
 0  0  0 19 18  0
 0  0 11 12 17 16
-1  9 10 13 14 15
 0  8  0  0  0  0
 0  7  6  5  4  0
 0  0  1  2  3  0
------------------ Length: 19
 0  0  0  0 19  0
 0  0 12 13 18 17
-1 10 11 14 15 16
 0  9  0  0  0  0
 0  8  7  6  5  0
 0  1  2  3  4  0
------------------ Length: 19
 0  0  0  0  0  0
 0  0 13 14 19 18
-1 11 12 15 16 17
 0 10  0  0  0  0
 0  9  8  7  6  0
 1  2  3  4  5  0
------------------ Length: 19
 0  0  0  0  0  0
 0  0 14 15  0 19
-1 12 13 16 17 18
 0 11  0  0  0  0
 1 10  9  8  7  0
 2  3  4  5  6  0
------------------ Length: 19
 0  0  0  0  0  0
 0  0 15 16  0  0
-1 13 14 17 18 19
 1 12  0  0  0  0
 2 11 10  9  8  0
 3  4  5  6  7  0
------------------ Length: 19
 0 -1  0  0  0  0
 0  0 16 17  0  0
 1 14 15 18 19 20
 2 13  0  0  0  0
 3 12 11 10  9  0
 4  5  6  7  8  0
------------------ Length: 20
 0 -1  0  0  0  0
 1  0 17 18  0  0
 2 15 16 19 20  0
 3 14  0  0  0  0
 4 13 12 11 10  0
 5  6  7  8  9  0
------------------ Length: 20
 1 -1  0  0  0  0
 2  0 18 19  0  0
 3 16 17 20  0  0
 4 15  0  0  0  0
 5 14 13 12 11  0
 6  7  8  9 10  0
------------------ Length: 20
 2  1  0  0 -1  0
 3  0 19 20  0  0
 4 17 18 21  0  0
 5 16  0  0  0  0
 6 15 14 13 12  0
 7  8  9 10 11  0
------------------ Length: 21
 3  2  1  0 -1  0
 4  0 20 21  0  0
 5 18 19  0  0  0
 6 17  0  0  0  0
 7 16 15 14 13  0
 8  9 10 11 12  0
------------------ Length: 21
 4  3  2  1 -1  0
 5  0 21  0  0  0
 6 19 20  0  0  0
 7 18  0  0  0  0
 8 17 16 15 14  0
 9 10 11 12 13  0
------------------ Length: 21
 5  4  3  2  1  0
 6  0 22  0  0 -1
 7 20 21  0  0  0
 8 19  0  0  0  0
 9 18 17 16 15  0
10 11 12 13 14  0
------------------ Length: 22
 6  5  4  3  2  1
 7  0  0  0  0 -1
 8 21 22  0  0  0
 9 20  0  0  0  0
10 19 18 17 16  0
11 12 13 14 15  0
------------------ Length: 22
 7  6  5  4  3  2
 8  0  0  0  0  1
 9 22 23  0  0  0
10 21  0  0  0  0
11 20 19 18 17 -1
12 13 14 15 16  0
------------------ Length: 23
 8  7  6  5  4  3
 9  0  0  0  1  2
10 23  0  0  0  0
11 22  0  0  0  0
12 21 20 19 18 -1
13 14 15 16 17  0
------------------ Length: 23
 9  8  7  6  5  4
10  0  0  1  2  3
11  0  0  0  0  0
12 23  0  0  0  0
13 22 21 20 19 -1
14 15 16 17 18  0
------------------ Length: 23
10  9  8  7  6  5
11  0  0  2  3  4
12  0  0  1  0  0
13  0  0  0  0  0
14 23 22 21 20 -1
15 16 17 18 19  0
------------------ Length: 23
11 10  9  8  7  6
12  0  0  3  4  5
13  0  0  2  0  0
14  0  0  1  0  0
15  0 23 22 21 -1
16 17 18 19 20  0
------------------ Length: 23
12 11 10  9  8  7
13  0  0  4  5  6
14  0  0  3  0  0
15  0  0  2  1  0
16  0  0 23 22 -1
17 18 19 20 21  0
------------------ Length: 23
13 12 11 10  9  8
14  0  0  5  6  7
15  0  0  4  0  0
16  0  0  3  2  1
17  0  0  0 23 -1
18 19 20 21 22  0
------------------ Length: 23
14 13 12 11 10  9
15  0  0  6  7  8
16  0  0  5  0  0
17  0  0  4  3  2
18  0  0 -1 24  1
19 20 21 22 23  0
------------------ Length: 24
15 14 13 12 11 10
16  0  0  7  8  9
17  0  0  6  0  0
18  0  0  5  4  3
19  0  0 -1  0  2
20 21 22 23 24  1
------------------ Length: 24
16 15 14 13 12 11
17  0  0  8  9 10
18  0  0  7  0  0
19  0  0  6  5  4
20  0  0 -1  0  3
21 22 23 24  1  2
------------------ Length: 24
17 16 15 14 13 12
18  0  0  9 10 11
19  0  0  8  0  0
20  0  0  7  6  5
21  0  0 -1  0  4
22 23 24  1  2  3
------------------ Length: 24
18 17 16 15 14 13
19  0  0 10 11 12
20  0  0  9  0  0
21  0  0  8  7  6
22  0  0  1 -1  5
23 24 25  2  3  4
------------------ Length: 25
19 18 17 16 15 14
20  0  0 11 12 13
21  0  0 10  0  0
22  0  0  9  8  7
23  0  1  2 -1  6
24 25  0  3  4  5
------------------ Length: 25
20 19 18 17 16 15
21  0  0 12 13 14
22  0  0 11  0  0
23  0  1 10  9  8
24  0  2  3 -1  7
25  0  0  4  5  6
------------------ Length: 25
21 20 19 18 17 16
22  0  0 13 14 15
23  0  1 12  0  0
24  0  2 11 10  9
25  0  3  4 -1  8
 0  0  0  5  6  7
------------------ Length: 25
22 21 20 19 18 17
23  0  1 14 15 16
24  0  2 13  0  0
25  0  3 12 11 10
 0  0  4  5 -1  9
 0  0  0  6  7  8
------------------ Length: 25
23 22 21 20 19 18
24  1  2 15 16 17
25  0  3 14  0  0
 0  0  4 13 12 11
 0  0  5  6 -1 10
 0  0  0  7  8  9
------------------ Length: 25
24 23 22 21 20 19
25  2  3 16 17 18
 0  1  4 15  0  0
 0  0  5 14 13 12
 0  0  6  7 -1 11
 0  0  0  8  9 10
------------------ Length: 25
25 24 23 22 21 20
 0  3  4 17 18 19
 0  2  5 16  0  0
 0  1  6 15 14 13
 0  0  7  8 -1 12
 0  0  0  9 10 11
------------------ Length: 25
 0 25 24 23 22 21
 0  4  5 18 19 20
 0  3  6 17  0  0
 0  2  7 16 15 14
 0  1  8  9 -1 13
 0  0  0 10 11 12
------------------ Length: 25
 0  0 25 24 23 22
 0  5  6 19 20 21
 0  4  7 18  0  0
 0  3  8 17 16 15
 0  2  9 10 -1 14
 0  1  0 11 12 13
------------------ Length: 25
 0  0  0 25 24 23
 0  6  7 20 21 22
 0  5  8 19  0  0
 0  4  9 18 17 16
 0  3 10 11 -1 15
 1  2  0 12 13 14
------------------ Length: 25
 0  0  0  0 25 24
 0  7  8 21 22 23
 0  6  9 20  0  0
 0  5 10 19 18 17
 1  4 11 12 -1 16
 2  3  0 13 14 15
------------------ Length: 25
 0  0  0  0  0 25
 0  8  9 22 23 24
 0  7 10 21  0  0
 1  6 11 20 19 18
 2  5 12 13 -1 17
 3  4  0 14 15 16
------------------ Length: 25
 0  0  0  0  0  0
 0  9 10 23 24 25
 1  8 11 22  0  0
 2  7 12 21 20 19
 3  6 13 14 -1 18
 4  5  0 15 16 17
------------------ Length: 25
 0  0  0  0  0  0
 1 10 11 24 25  0
 2  9 12 23  0  0
 3  8 13 22 21 20
 4  7 14 15 -1 19
 5  6  0 16 17 18
------------------ Length: 25
 1  0  0  0  0  0
 2 11 12 25  0  0
 3 10 13 24  0  0
 4  9 14 23 22 21
 5  8 15 16 -1 20
 6  7  0 17 18 19
------------------ Length: 25
 2  1  0  0  0  0
 3 12 13  0  0  0
 4 11 14 25  0  0
 5 10 15 24 23 22
 6  9 16 17 -1 21
 7  8  0 18 19 20
------------------ Length: 25
 3  2  1  0  0  0
 4 13 14  0  0  0
 5 12 15  0  0  0
 6 11 16 25 24 23
 7 10 17 18 -1 22
 8  9  0 19 20 21
------------------ Length: 25
 4  3  2  1  0  0
 5 14 15  0  0  0
 6 13 16  0  0  0
 7 12 17  0 25 24
 8 11 18 19 -1 23
 9 10  0 20 21 22
------------------ Length: 25
 5  4  3  2  0  0
 6 15 16  1  0  0
 7 14 17  0  0  0
 8 13 18  0  0 25
 9 12 19 20 -1 24
10 11  0 21 22 23
------------------ Length: 25
 6  5  4  3  0  0
 7 16 17  2  0  0
 8 15 18  1  0  0
 9 14 19  0  0  0
10 13 20 21 -1 25
11 12  0 22 23 24
------------------ Length: 25
 7  6  5  4  0  0
 8 17 18  3  0  0
 9 16 19  2  1  0
10 15 20  0  0  0
11 14 21 22 -1  0
12 13  0 23 24 25
------------------ Length: 25
 8  7  6  5  0  0
 9 18 19  4  0  0
10 17 20  3  2  0
11 16 21  0  1  0
12 15 22 23 -1  0
13 14  0 24 25  0
------------------ Length: 25
 9  8  7  6  0  0
10 19 20  5  0  0
11 18 21  4  3  0
12 17 22  0  2  0
13 16 23 24  1  0
14 15  0 25 26 -1
------------------ Length: 26
10  9  8  7  0  0
11 20 21  6  0  0
12 19 22  5  4  0
13 18 23  0  3  0
14 17 24 25  2  1
15 16  0 26  0 -1
------------------ Length: 26
11 10  9  8  0  0
12 21 22  7  0  0
13 20 23  6  5  0
14 19 24  0  4  0
15 18 25 26  3  2
16 17  0 27 -1  1
------------------ Length: 27
12 11 10  9  0  0
13 22 23  8  0  0
14 21 24  7  6  0
15 20 25 -1  5  0
16 19 26 27  4  3
17 18  0 28  1  2
------------------ Length: 28
13 12 11 10  0  0
14 23 24  9  0  0
15 22 25  8  7  0
16 21 26 -1  6  0
17 20 27 28  5  4
18 19  0  1  2  3
------------------ Length: 28
14 13 12 11  0  0
15 24 25 10  0  0
16 23 26  9  8  0
17 22 27 -1  7  0
18 21 28  0  6  5
19 20  1  2  3  4
------------------ Length: 28
15 14 13 12  0  0
16 25 26 11  0  0
17 24 27 10  9  0
18 23 28 -1  8  0
19 22  1  0  7  6
20 21  2  3  4  5
------------------ Length: 28
16 15 14 13  0  0
17 26 27 12  0  0
18 25 28 11 10  0
19 24  0 -1  9  0
20 23  2  1  8  7
21 22  3  4  5  6
------------------ Length: 28
17 16 15 14  0  0
18 27 28 13 -1  0
19 26 29 12 11  0
20 25  0  1 10  0
21 24  3  2  9  8
22 23  4  5  6  7
------------------ Length: 29
18 17 16 15  0  0
19 28 29 14 -1  0
20 27  0 13 12  0
21 26  1  2 11  0
22 25  4  3 10  9
23 24  5  6  7  8
------------------ Length: 29
19 18 17 16  0  0
20 29  0 15 -1  0
21 28  1 14 13  0
22 27  2  3 12  0
23 26  5  4 11 10
24 25  6  7  8  9
------------------ Length: 29
20 19 18 17  0  0
21  0  1 16 -1  0
22 29  2 15 14  0
23 28  3  4 13  0
24 27  6  5 12 11
25 26  7  8  9 10
------------------ Length: 29
21 20 19 18  0  0
22  1  2 17 -1  0
23  0  3 16 15  0
24 29  4  5 14  0
25 28  7  6 13 12
26 27  8  9 10 11
------------------ Length: 29
22 21 20 19  0  0
23  2  3 18 -1  0
24  1  4 17 16  0
25  0  5  6 15  0
26 29  8  7 14 13
27 28  9 10 11 12
------------------ Length: 29
23 22 21 20  0  0
24  3  4 19 -1  0
25  2  5 18 17  0
26  1  6  7 16  0
27  0  9  8 15 14
28 29 10 11 12 13
------------------ Length: 29
24 23 22 21  0  0
25  4  5 20 -1  0
26  3  6 19 18  0
27  2  7  8 17  0
28  1 10  9 16 15
29  0 11 12 13 14
------------------ Length: 29
25 24 23 22  0  0
26  5  6 21 -1  0
27  4  7 20 19  0
28  3  8  9 18  0
29  2 11 10 17 16
 0  1 12 13 14 15
------------------ Length: 29
26 25 24 23  0  0
27  6  7 22 -1  0
28  5  8 21 20  0
29  4  9 10 19  0
 0  3 12 11 18 17
 1  2 13 14 15 16
------------------ Length: 29
27 26 25 24  0  0
28  7  8 23 -1  0
29  6  9 22 21  0
 0  5 10 11 20  0
 1  4 13 12 19 18
 2  3 14 15 16 17
------------------ Length: 29
28 27 26 25  0  0
29  8  9 24 -1  0
 0  7 10 23 22  0
 1  6 11 12 21  0
 2  5 14 13 20 19
 3  4 15 16 17 18
------------------ Length: 29
29 28 27 26  0  0
 0  9 10 25 -1  0
 1  8 11 24 23  0
 2  7 12 13 22  0
 3  6 15 14 21 20
 4  5 16 17 18 19
------------------ Length: 29
 0 29 28 27  0  0
 1 10 11 26 -1  0
 2  9 12 25 24  0
 3  8 13 14 23  0
 4  7 16 15 22 21
 5  6 17 18 19 20
------------------ Length: 29
 1  0 29 28  0  0
 2 11 12 27 -1  0
 3 10 13 26 25  0
 4  9 14 15 24  0
 5  8 17 16 23 22
 6  7 18 19 20 21
------------------ Length: 29
 2  1  0 29  0  0
 3 12 13 28 -1  0
 4 11 14 27 26  0
 5 10 15 16 25  0
 6  9 18 17 24 23
 7  8 19 20 21 22
------------------ Length: 29
 3  2  1  0  0  0
 4 13 14 29 -1  0
 5 12 15 28 27  0
 6 11 16 17 26  0
 7 10 19 18 25 24
 8  9 20 21 22 23
------------------ Length: 29
 4  3  2  1  0  0
 5 14 15  0 -1  0
 6 13 16 29 28  0
 7 12 17 18 27  0
 8 11 20 19 26 25
 9 10 21 22 23 24
------------------ Length: 29
 5  4  3  2  1  0
 6 15 16  0 -1  0
 7 14 17  0 29  0
 8 13 18 19 28  0
 9 12 21 20 27 26
10 11 22 23 24 25
------------------ Length: 29
 6  5  4  3  2  0
 7 16 17  0  1 -1
 8 15 18  0 30  0
 9 14 19 20 29  0
10 13 22 21 28 27
11 12 23 24 25 26
------------------ Length: 30
 7  6  5  4  3  0
 8 17 18  0  2  1
 9 16 19  0 31  0
10 15 20 21 30 -1
11 14 23 22 29 28
12 13 24 25 26 27
------------------ Length: 31
 8  7  6  5  4  0
 9 18 19  0  3  2
10 17 20  0  0  1
11 16 21 22 31 -1
12 15 24 23 30 29
13 14 25 26 27 28
------------------ Length: 31
 9  8  7  6  5  0
10 19 20  0  4  3
11 18 21 -1  0  2
12 17 22 23 32  1
13 16 25 24 31 30
14 15 26 27 28 29
------------------ Length: 32
10  9  8  7  6  0
11 20 21  0  5  4
12 19 22 -1  0  3
13 18 23 24  1  2
14 17 26 25 32 31
15 16 27 28 29 30
------------------ Length: 32
11 10  9  8  7  0
12 21 22  0  6  5
13 20 23 -1  0  4
14 19 24 25  2  3
15 18 27 26  1 32
16 17 28 29 30 31
------------------ Length: 32
12 11 10  9  8  0
13 22 23  0  7  6
14 21 24 -1  0  5
15 20 25 26  3  4
16 19 28 27  2  1
17 18 29 30 31 32
------------------ Length: 32
13 12 11 10  9  0
14 23 24  0  8  7
15 22 25 -1  0  6
16 21 26 27  4  5
17 20 29 28  3  2
18 19 30 31 32  1
------------------ Length: 32
14 13 12 11 10  0
15 24 25  0  9  8
16 23 26 -1  0  7
17 22 27 28  5  6
18 21 30 29  4  3
19 20 31 32  1  2
------------------ Length: 32
15 14 13 12 11  0
16 25 26  0 10  9
17 24 27 -1  0  8
18 23 28 29  6  7
19 22 31 30  5  4
20 21 32  1  2  3
------------------ Length: 32
16 15 14 13 12  0
17 26 27  0 11 10
18 25 28 -1  0  9
19 24 29 30  7  8
20 23 32 31  6  5
21 22  1  2  3  4
------------------ Length: 32
17 16 15 14 13  0
18 27 28  0 12 11
19 26 29 -1  0 10
20 25 30 31  8  9
21 24  1 32  7  6
22 23  2  3  4  5
------------------ Length: 32
18 17 16 15 14  0
19 28 29  0 13 12
20 27 30 -1  0 11
21 26 31 32  9 10
22 25  2  1  8  7
23 24  3  4  5  6
------------------ Length: 32
19 18 17 16 15  0
20 29 30  0 14 13
21 28 31 -1  0 12
22 27 32  1 10 11
23 26  3  2  9  8
24 25  4  5  6  7
------------------ Length: 32
20 19 18 17 16  0
21 30 31  0 15 14
22 29 32 -1  0 13
23 28  1  2 11 12
24 27  4  3 10  9
25 26  5  6  7  8
------------------ Length: 32
21 20 19 18 17  0
22 31 32  0 16 15
23 30  1 -1  0 14
24 29  2  3 12 13
25 28  5  4 11 10
26 27  6  7  8  9
------------------ Length: 32
22 21 20 19 18 -1
23 32 33  0 17 16
24 31  2  1  0 15
25 30  3  4 13 14
26 29  6  5 12 11
27 28  7  8  9 10
------------------ Length: 33
23 22 21 20 19 -1
24 33  0  1 18 17
25 32  3  2  0 16
26 31  4  5 14 15
27 30  7  6 13 12
28 29  8  9 10 11
------------------ Length: 33
24 23 22 21 20 -1
25  0  1  2 19 18
26 33  4  3  0 17
27 32  5  6 15 16
28 31  8  7 14 13
29 30  9 10 11 12
------------------ Length: 33
25 24 23 22 21 -1
26  1  2  3 20 19
27  0  5  4  0 18
28 33  6  7 16 17
29 32  9  8 15 14
30 31 10 11 12 13
------------------ Length: 33
26 25 24 23 22 -1
27  2  3  4 21 20
28  1  6  5  0 19
29  0  7  8 17 18
30 33 10  9 16 15
31 32 11 12 13 14
------------------ Length: 33
27 26 25 24 23 -1
28  3  4  5 22 21
29  2  7  6  0 20
30  1  8  9 18 19
31  0 11 10 17 16
32 33 12 13 14 15
------------------ Length: 33
28 27 26 25 24 -1
29  4  5  6 23 22
30  3  8  7  0 21
31  2  9 10 19 20
32  1 12 11 18 17
33  0 13 14 15 16
------------------ Length: 33
29 28 27 26 25 -1
30  5  6  7 24 23
31  4  9  8  0 22
32  3 10 11 20 21
33  2 13 12 19 18
 0  1 14 15 16 17
------------------ Length: 33
30 29 28 27 26 -1
31  6  7  8 25 24
32  5 10  9  0 23
33  4 11 12 21 22
 0  3 14 13 20 19
 1  2 15 16 17 18
------------------ Length: 33
31 30 29 28 27 -1
32  7  8  9 26 25
33  6 11 10  0 24
 0  5 12 13 22 23
 1  4 15 14 21 20
 2  3 16 17 18 19
------------------ Length: 33
32 31 30 29 28 -1
33  8  9 10 27 26
 0  7 12 11  0 25
 1  6 13 14 23 24
 2  5 16 15 22 21
 3  4 17 18 19 20
------------------ Length: 33
33 32 31 30 29 -1
 0  9 10 11 28 27
 1  8 13 12  0 26
 2  7 14 15 24 25
 3  6 17 16 23 22
 4  5 18 19 20 21
------------------ Length: 33
 0 33 32 31 30 -1
 1 10 11 12 29 28
 2  9 14 13  0 27
 3  8 15 16 25 26
 4  7 18 17 24 23
 5  6 19 20 21 22
------------------ Length: 33
 1  0 33 32 31 -1
 2 11 12 13 30 29
 3 10 15 14  0 28
 4  9 16 17 26 27
 5  8 19 18 25 24
 6  7 20 21 22 23
------------------ Length: 33
 2  1  0 33 32 -1
 3 12 13 14 31 30
 4 11 16 15  0 29
 5 10 17 18 27 28
 6  9 20 19 26 25
 7  8 21 22 23 24
------------------ Length: 33
 3  2  1  0 33 -1
 4 13 14 15 32 31
 5 12 17 16  0 30
 6 11 18 19 28 29
 7 10 21 20 27 26
 8  9 22 23 24 25
------------------ Length: 33
 4  3  2  1  0 -1
 5 14 15 16 33 32
 6 13 18 17  0 31
 7 12 19 20 29 30
 8 11 22 21 28 27
 9 10 23 24 25 26
------------------ Length: 33
 5  4  3  2  1 -1
 6 15 16 17  0 33
 7 14 19 18  0 32
 8 13 20 21 30 31
 9 12 23 22 29 28
10 11 24 25 26 27
------------------ Length: 33
 6  5  4  3  2  1
 7 16 17 18 -1 34
 8 15 20 19  0 33
 9 14 21 22 31 32
10 13 24 23 30 29
11 12 25 26 27 28
------------------ Length: 34
 7  6  5  4  3  2
 8 17 18 19 -1  1
 9 16 21 20  0 34
10 15 22 23 32 33
11 14 25 24 31 30
12 13 26 27 28 29
------------------ Length: 34
 8  7  6  5  4  3
 9 18 19 20  1  2
10 17 22 21 -1 35
11 16 23 24 33 34
12 15 26 25 32 31
13 14 27 28 29 30
------------------ Length: 35
 9  8  7  6  5  4
10 19 20 21  2  3
11 18 23 22  1 36
12 17 24 25 34 35
13 16 27 26 33 32
14 15 28 29 30 31
------------------ Length: 36
